2601 2231 1
2605 2233 1
2605 2229 1
1503 1422 1
1506 1422 1
2614 2240 1
1503 1427 1
2609 2235 1
2612 2231 1
2609 2229 1
2605 2240 1
1518 1431 1
2609 2232 1
1506 1416 1
1495 1427 1
1500 1414 1
1503 1431 1
1515 1427 1
2605 2230 1
2612 2237 1
1506 1440 1
2613 2233 1
2616 2237 1
1500 1416 1
2601 2230 1
2614 2235 1
2601 2228 1
2611 2231 1
1517 1440 1
2613 2235 1
2616 2240 1
2609 2237 1
2614 2237 1
1500 1420 1
1513 1424 1
2605 2237 1
1503 1418 1
2601 2232 1
1500 1431 1
2607 2233 1
1495 1422 1
1517 1427 1
1515 1440 1
1509 1418 1
2607 2235 1
1509 1427 1
1515 1424 1
2611 2232 1
2615 2237 1
1513 1431 1
1509 1440 1
1509 1422 1
1506 1424 1
1517 1431 1
1518 1440 1
1500 1418 1
2607 2240 1
1506 1431 1
2611 2233 1
1506 1427 1
2612 2240 1
1495 1418 1
1509 1431 1
1500 1427 1
2605 2228 1
2611 2235 1
2615 2235 1
2607 2231 1
1495 1424 1
1511 1440 1
1495 1440 1
1500 1440 1
1500 1422 1
2601 2233 1
1495 1416 1
2601 2235 1
2607 2230 1
1511 1427 1
1506 1418 1
1511 1424 1
1519 1440 1
2607 2229 1
1503 1416 1
1506 1420 1
1513 1427 1
2613 2240 1
1495 1414 1
1511 1431 1
1503 1424 1
1511 1420 1
2611 2240 1
2612 2233 1
2607 2228 1
1495 1431 1
1509 1420 1
2613 2237 1
2612 2232 1
2601 2240 1
2614 2233 1
2609 2233 1
1503 1440 1
2609 2231 1
2615 2240 1
2607 2237 1
1509 1424 1
2611 2237 1
1495 1420 1
2607 2232 1
2609 2230 1
2612 2235 1
2611 2230 1
2617 2240 1
1513 1440 1
1515 1431 1
1503 1420 1
2613 2232 1
1513 1422 1
2601 2237 1
2601 2227 1
2605 2235 1
2605 2232 1
2609 2240 1
1500 1424 1
1511 1422 1
2605 2231 1
2601 2229 1
1785 883 0
1584 1298 0
3216 402 0
1751 1571 0
1979 712 0
1265 711 0
1020 180 0
892 228 0
2767 940 0
1909 909 0
3190 3116 0
3159 2733 0
3141 1412 0
1280 456 0
2705 1073 0
1766 759 0
2838 539 0
996 240 0
3226 1125 0
2741 449 0
972 74 0
3227 1615 0
2615 357 0
1126 993 0
1976 1133 0
2009 1183 0
2663 1288 0
990 917 0
3296 1994 0
2947 2772 0
2010 409 0
2822 1868 0
1995 309 0
3015 821 0
3081 1509 0
178 27 0
2067 1241 0
3244 1902 0
1215 450 0
2060 622 0
135 81 0
2994 1306 0
755 42 0
966 739 0
2954 1098 0
2736 2210 0
1382 1007 0
2922 835 0
1521 38 0
1328 1055 0
1902 1661 0
2902 1992 0
3027 1067 0
1750 1076 0
1557 578 0
1995 642 0
2725 2130 0
1207 347 0
2908 909 0
2698 2028 0
3182 444 0
1178 480 0
2892 1865 0
2689 1803 0
3167 949 0
1266 685 0
805 577 0
1279 1055 0
1562 924 0
1888 1223 0
3156 1784 0
1410 569 0
3021 2710 0
939 324 0
2750 1191 0
847 326 0
2095 29 0
1892 1545 0
1058 651 0
3146 1226 0
3004 2023 0
2791 1216 0
1341 959 0
1559 475 0
3300 1804 0
3193 1712 0
2874 616 0
1669 483 0
2804 1788 0
1074 829 0
774 173 0
3079 1153 0
1215 110 0
2087 690 0
2145 1066 0
2866 1195 0
1513 419 0
3230 1781 0
2814 2098 0
3111 1927 0
707 219 0
3279 2863 0
1756 927 0
1026 278 0
2054 165 0
2747 2638 0
1654 1573 0
3025 1177 0
715 304 0
2743 212 0
2634 1589 0
2065 819 0
3113 2896 0
3055 1579 0
3312 1725 0
2902 2031 0
3151 1210 0
2946 2747 0
1881 227 0
2906 2831 0
2900 2061 0
1408 803 0
1361 935 0
2683 1585 0
2178 1673 0
2807 2740 0
1846 1096 0
2734 2624 0
793 740 0
3263 1790 0
1688 351 0
1610 887 0
3151 174 0
2764 488 0
1866 1076 0
1025 46 0
2836 1994 0
2152 514 0
2653 1265 0
1127 281 0
1092 993 0
2648 1262 0
3147 1681 0
471 29 0
3198 908 0
842 73 0
2863 1599 0
2989 669 0
2709 563 0
754 161 0
2976 44 0
2172 354 0
2049 1213 0
3161 3056 0
664 525 0
3040 315 0
804 725 0
944 590 0
1641 1087 0
1866 287 0
1829 1737 0
3113 2952 0
1787 302 0
3140 731 0
389 73 0
1690 765 0
2797 1068 0
1357 374 0
2736 74 0
2927 1119 0
1069 1017 0
1739 1660 0
773 328 0
3114 1934 0
2183 1728 0
1102 706 0
2993 2210 0
1652 668 0
1892 754 0
2715 1014 0
3091 2648 0
2198 1643 0
1932 1710 0
2021 1109 0
1217 645 0
3032 417 0
1864 1027 0
1323 448 0
1860 356 0
1967 280 0
1347 785 0
2818 1829 0
1254 298 0
3068 2993 0
2906 2009 0
1379 1184 0
2136 701 0
2022 997 0
3202 400 0
1373 518 0
2670 1586 0
1267 1083 0
1791 534 0
1742 1183 0
1256 775 0
1855 383 0
477 192 0
1513 1237 0
1418 1248 0
3010 881 0
1532 1324 0
1837 678 0
3200 2893 0
2963 560 0
2755 2196 0
2834 176 0
2128 1954 0
1375 1034 0
3199 423 0
3286 1189 0
2185 1307 0
2891 748 0
948 531 0
3245 2131 0
3217 51 0
1360 1160 0
1975 1371 0
1525 734 0
1615 556 0
2995 2624 0
3074 2709 0
1747 624 0
3023 114 0
1634 707 0
3178 1338 0
1837 613 0
1855 488 0
2706 971 0
2208 784 0
2682 851 0
2757 400 0
3024 81 0
602 135 0
1397 333 0
2975 503 0
3165 331 0
3041 2882 0
3159 1199 0
1701 177 0
2974 896 0
1855 193 0
3182 1738 0
2841 1160 0
3017 1291 0
1879 1233 0
2069 1683 0
1242 103 0
691 67 0
2185 628 0
3090 1859 0
2830 1899 0
2776 1286 0
1673 750 0
2655 357 0
2960 1313 0
1351 641 0
2778 1655 0
2636 1791 0
2098 1010 0
2009 949 0
2834 326 0
1734 1046 0
3152 1725 0
2842 1841 0
1922 847 0
2014 1420 0
1828 602 0
2019 627 0
475 412 0
1829 1103 0
1956 354 0
2715 1495 0
3269 1674 0
1748 1342 0
1214 836 0
1345 1059 0
3008 2729 0
491 373 0
1618 1144 0
922 10 0
1761 329 0
1884 596 0
2772 2008 0
3190 450 0
2811 403 0
1837 1082 0
2205 2140 0
1355 1297 0
2693 1132 0
2990 233 0
747 262 0
1167 416 0
3200 491 0
1646 1020 0
2057 1592 0
3098 438 0
1755 1009 0
827 129 0
726 369 0
1833 37 0
1555 798 0
1901 1839 0
1855 710 0
1231 1004 0
2008 1076 0
3066 1612 0
1334 1027 0
2772 1621 0
467 25 0
1859 1804 0
2907 778 0
1407 884 0
1509 964 0
3288 3018 0
2228 1826 0
2946 222 0
913 631 0
2681 1188 0
3203 758 0
3140 2949 0
746 148 0
2611 1815 0
3099 2900 0
1509 597 0
1544 580 0
2716 992 0
678 560 0
1410 43 0
357 125 0
3038 250 0
1546 1050 0
1346 618 0
1403 829 0
2990 661 0
2622 2156 0
3006 1643 0
2002 197 0
2744 2682 0
1804 934 0
2953 674 0
381 281 0
1691 189 0
1855 501 0
650 460 0
2179 1270 0
3133 2735 0
1793 117 0
2080 1223 0
2705 1926 0
1111 853 0
2790 668 0
1121 259 0
2984 2169 0
2694 1660 0
3257 2076 0
1053 229 0
2971 2003 0
2789 671 0
2684 653 0
1824 95 0
3242 1604 0
1752 407 0
804 529 0
1670 362 0
1828 746 0
3114 1356 0
2630 2092 0
1556 288 0
1646 72 0
3259 949 0
2869 587 0
1676 639 0
3292 1413 0
2962 80 0
1084 564 0
1784 1529 0
1024 27 0
924 603 0
3060 1201 0
1920 1324 0
3217 2772 0
2229 79 0
3218 1316 0
1074 388 0
3036 1950 0
199 87 0
2865 2090 0
1268 390 0
2678 1903 0
1406 26 0
3072 2022 0
3283 2056 0
2960 847 0
1947 1712 0
2930 2670 0
1069 137 0
705 188 0
3223 1837 0
2218 1062 0
1817 1540 0
3127 318 0
2903 483 0
1803 371 0
966 407 0
3254 3142 0
2656 945 0
1779 1604 0
2643 343 0
2775 401 0
2907 1232 0
3130 2024 0
1229 170 0
1973 620 0
1955 946 0
2763 1677 0
2786 1684 0
3152 404 0
1040 251 0
3194 670 0
2235 677 0
515 132 0
1614 246 0
2739 2211 0
751 172 0
1675 850 0
3094 674 0
1339 203 0
892 358 0
1949 1558 0
1680 1116 0
1335 326 0
1677 1068 0
890 415 0
1323 164 0
3268 3095 0
3088 1724 0
3233 2727 0
991 228 0
3174 238 0
2814 850 0
2137 639 0
3193 806 0
1805 812 0
2887 1023 0
1336 1222 0
1119 840 0
2840 1122 0
2651 1077 0
3068 678 0
1839 1311 0
3231 1809 0
2923 449 0
939 100 0
2760 852 0
1889 802 0
967 358 0
2742 466 0
585 60 0
2621 517 0
924 720 0
2786 2638 0
695 454 0
1565 1311 0
2758 19 0
2025 1589 0
2640 1306 0
1948 1079 0
1313 557 0
2161 1810 0
3171 1328 0
1546 902 0
647 147 0
3022 664 0
2942 1930 0
1975 1350 0
1727 1668 0
1826 1657 0
3055 279 0
3066 739 0
1294 1107 0
2816 235 0
1524 1036 0
2193 958 0
324 79 0
3113 2128 0
2731 2058 0
2819 377 0
2727 163 0
2066 90 0
1399 617 0
1053 437 0
520 106 0
2097 1406 0
2839 266 0
158 98 0
2924 1248 0
1007 102 0
3274 396 0
1686 693 0
1975 92 0
3294 2711 0
2720 620 0
1734 1573 0
1894 737 0
1717 1197 0
620 526 0
1343 666 0
1414 899 0
2875 895 0
3074 1846 0
3244 1561 0
1987 1559 0
1562 736 0
2204 1083 0
1679 281 0
3216 1312 0
880 663 0
693 238 0
1125 1003 0
1020 666 0
3185 2902 0
674 478 0
2950 1519 0
2165 616 0
1621 399 0
819 573 0
1391 377 0
235 96 0
3143 746 0
3106 2003 0
1891 407 0
2615 785 0
2764 711 0
3056 1092 0
3260 1215 0
1807 1084 0
1094 139 0
2027 983 0
2134 2012 0
1157 1051 0
2096 407 0
2033 1865 0
3289 774 0
3090 2149 0
1406 723 0
1775 231 0
2749 2082 0
1791 530 0
3123 2167 0
1264 506 0
983 20 0
1777 539 0
1601 1317 0
3146 268 0
2974 93 0
1996 1141 0
2894 1561 0
736 456 0
1686 783 0
2051 973 0
2207 1384 0
841 360 0
2809 945 0
312 36 0
1958 773 0
3074 1104 0
1968 1638 0
1606 184 0
2903 2722 0
1365 1119 0
2655 587 0
3057 1164 0
2649 1842 0
587 327 0
2822 1406 0
797 193 0
2857 994 0
3017 1752 0
2010 551 0
1738 358 0
2909 541 0
3208 163 0
1527 835 0
2751 1923 0
1663 319 0
1351 1104 0
1629 1173 0
1058 101 0
2856 116 0
1375 609 0
2693 813 0
2088 1796 0
1842 810 0
1545 1345 0
3140 473 0
1533 1313 0
1886 966 0
1550 749 0
1724 576 0
2015 1418 0
1804 659 0
1637 1580 0
1827 1149 0
2880 1265 0
2889 33 0
2707 1325 0
2206 889 0
3193 725 0
2016 458 0
1003 326 0
2737 1518 0
259 163 0
2949 376 0
1879 1318 0
2753 1079 0
3207 2883 0
3251 1603 0
2775 1580 0
939 420 0
3211 811 0
165 101 0
2224 144 0
3293 2965 0
1340 963 0
2965 1418 0
2859 2074 0
1775 1595 0
2778 436 0
2695 1671 0
2847 1225 0
2796 1936 0
1229 844 0
847 364 0
2738 2629 0
1981 356 0
1671 898 0
3218 295 0
1878 1385 0
2906 917 0
2901 2617 0
3104 737 0
1535 63 0
2628 275 0
2676 1335 0
1001 846 0
2034 1705 0
3182 1144 0
2631 1127 0
701 450 0
2889 1526 0
954 188 0
2830 2002 0
1847 323 0
1837 1198 0
2790 141 0
2189 1958 0
2741 587 0
2962 974 0
2985 1814 0
1689 1364 0
1611 115 0
1996 1809 0
2612 2182 0
2831 1044 0
2154 1151 0
3032 983 0
3031 1946 0
1777 236 0
3190 3063 0
1706 412 0
1030 111 0
1126 396 0
1638 13 0
2010 1215 0
1973 673 0
3306 224 0
2779 1554 0
1848 1197 0
3271 2939 0
851 164 0
2671 1534 0
3069 761 0
3296 1635 0
2159 581 0
1318 204 0
1167 667 0
1815 1360 0
2225 1048 0
300 106 0
746 89 0
2889 1930 0
899 819 0
903 722 0
1796 563 0
3241 3035 0
3297 2082 0
3062 1675 0
3109 1076 0
3105 1938 0
1977 1095 0
562 478 0
2147 400 0
3180 293 0
2663 1983 0
3278 30 0
3111 2657 0
973 417 0
1064 62 0
2630 1175 0
3239 2911 0
1627 1146 0
1147 234 0
1859 1725 0
3226 290 0
1943 1014 0
433 199 0
2128 591 0
2190 1561 0
3183 942 0
3299 1964 0
2957 1896 0
1928 182 0
2994 2861 0
2096 1648 0
1162 323 0
2754 381 0
3179 958 0
1797 257 0
3297 3128 0
2835 21 0
1637 361 0
2634 1179 0
2618 366 0
2639 2082 0
791 545 0
382 286 0
1267 672 0
2696 1192 0
2881 1987 0
1041 172 0
1725 99 0
453 225 0
1805 889 0
3296 3027 0
2070 149 0
2164 1054 0
2825 491 0
2698 2240 0
1872 664 0
1391 1036 0
2751 925 0
1886 1735 0
748 542 0
1779 1047 0
1822 1047 0
1066 913 0
2699 1901 0
3175 439 0
3235 1162 0
3289 679 0
2147 2069 0
1375 846 0
1993 1837 0
3231 3046 0
1935 949 0
2833 546 0
1880 196 0
3117 128 0
1073 674 0
1946 786 0
2159 446 0
1367 687 0
1769 269 0
2876 1893 0
2720 2075 0
3166 2131 0
1253 219 0
3147 910 0
2960 1322 0
2051 541 0
2153 216 0
1319 189 0
1900 1741 0
1659 650 0
844 352 0
2208 1699 0
2028 1908 0
3065 2206 0
3050 1268 0
713 58 0
2147 255 0
2739 1178 0
2976 176 0
2992 1681 0
390 169 0
1751 724 0
2841 918 0
2706 361 0
2016 1534 0
1552 627 0
1776 1511 0
1716 708 0
3025 2963 0
931 269 0
593 96 0
2947 1944 0
1134 634 0
2093 1270 0
1410 1048 0
1355 329 0
1037 655 0
1280 696 0
1926 377 0
1909 1242 0
1691 735 0
1529 745 0
2850 777 0
3279 89 0
903 220 0
3250 485 0
3220 1053 0
3130 2762 0
2703 1680 0
1853 1768 0
1367 282 0
3113 1187 0
1363 461 0
2850 1216 0
927 177 0
2969 1759 0
1084 96 0
1817 1112 0
2904 621 0
1981 401 0
942 670 0
2075 943 0
2776 1903 0
1754 305 0
3160 2050 0
1583 375 0
1319 460 0
1667 646 0
1293 772 0
3311 2191 0
442 21 0
2030 931 0
2975 1338 0
2729 1600 0
2622 1313 0
1596 721 0
2693 239 0
1566 1324 0
1540 548 0
1373 237 0
3177 729 0
843 74 0
2152 214 0
2648 763 0
3124 649 0
3207 620 0
2719 1398 0
2844 2009 0
1689 939 0
3253 1721 0
3074 336 0
3083 1615 0
3193 1724 0
2837 519 0
1752 763 0
1140 998 0
1895 698 0
3217 2677 0
1253 910 0
1952 35 0
1273 75 0
1210 688 0
3196 1774 0
1401 115 0
2909 2228 0
1697 1319 0
3227 1772 0
2079 466 0
3310 1098 0
3230 1809 0
2203 119 0
1830 908 0
3001 2740 0
3252 1729 0
3068 294 0
850 302 0
1595 506 0
2007 1648 0
1147 925 0
778 467 0
3092 547 0
1111 939 0
3105 1532 0
2763 1384 0
2842 1847 0
2686 783 0
1036 302 0
2195 62 0
1535 790 0
1679 779 0
1020 467 0
1008 888 0
3152 1948 0
893 607 0
789 714 0
2048 794 0
1873 616 0
736 522 0
2657 56 0
1573 917 0
3143 890 0
3250 1643 0
3132 1611 0
1327 159 0
1248 1072 0
1112 688 0
2929 755 0
3164 1580 0
3255 499 0
1628 290 0
2774 1749 0
3269 489 0
3230 759 0
300 143 0
1897 468 0
1266 1160 0
2143 1587 0
2041 228 0
2917 1403 0
2797 2176 0
2878 578 0
1925 1058 0
2802 1230 0
3181 279 0
3136 2804 0
2749 995 0
949 308 0
1893 398 0
2743 549 0
3035 67 0
2011 314 0
2208 73 0
1027 675 0
837 774 0
638 83 0
1651 900 0
730 607 0
2955 962 0
1114 559 0
2859 575 0
1906 814 0
2891 2731 0
1359 133 0
2132 1015 0
1863 643 0
2842 1400 0
2155 2004 0
583 186 0
2758 2701 0
2695 2152 0
1940 124 0
1767 282 0
1956 462 0
3313 2070 0
2730 269 0
3190 75 0
2684 2036 0
1238 466 0
2945 1386 0
3146 584 0
2855 1032 0
2834 1803 0
2753 1789 0
2719 124 0
1636 978 0
2863 1857 0
3100 1785 0
1360 486 0
3291 321 0
795 706 0
3066 1784 0
3088 1831 0
2229 279 0
811 339 0
918 688 0
3121 2624 0
514 54 0
711 189 0
1908 1139 0
1202 850 0
670 375 0
1979 267 0
356 241 0
3218 984 0
1140 852 0
2709 1047 0
3105 1406 0
1984 191 0
1983 528 0
1798 745 0
2902 1792 0
3140 3033 0
945 756 0
1503 983 0
1361 350 0
2062 1705 0
3281 1020 0
2639 1398 0
2900 475 0
3276 2727 0
1851 971 0
2749 735 0
714 302 0
1826 109 0
1422 911 0
2005 1812 0
2845 1354 0
2046 1974 0
3202 1522 0
3191 1605 0
1971 1059 0
1884 898 0
1915 1227 0
2958 2861 0
2823 1352 0
1692 1057 0
1777 13 0
2827 1782 0
2231 1605 0
814 471 0
1523 327 0
783 321 0
554 93 0
1808 1616 0
1330 278 0
3225 145 0
3075 145 0
881 229 0
3263 2999 0
3115 745 0
3046 1022 0
1627 53 0
1679 973 0
1849 1133 0
558 240 0
1600 568 0
1151 478 0
1233 387 0
3036 832 0
1380 588 0
1762 85 0
994 386 0
1758 824 0
1695 817 0
1908 241 0
3175 628 0
2944 2732 0
1202 926 0
1773 1698 0
2871 46 0
2085 1922 0
2895 922 0
1866 573 0
1103 79 0
692 278 0
3267 1240 0
1734 1403 0
990 373 0
1837 1242 0
1943 1061 0
3210 409 0
617 236 0
1618 239 0
747 153 0
2045 1077 0
3134 1348 0
3243 2183 0
1915 396 0
318 241 0
1670 742 0
1771 1526 0
3153 1768 0
2890 1217 0
3305 714 0
790 170 0
961 698 0
3210 694 0
2724 1560 0
2150 1794 0
1609 517 0
2132 1765 0
1577 1513 0
3019 564 0
1803 405 0
1118 1042 0
2187 1764 0
1728 123 0
3004 1300 0
1431 72 0
2861 1733 0
1728 1223 0
143 33 0
848 561 0
2758 1238 0
2015 90 0
2774 1985 0
2184 595 0
1603 258 0
3307 1033 0
1062 337 0
3205 1664 0
3197 243 0
2621 2166 0
1379 1207 0
2660 594 0
3102 3011 0
1597 445 0
2154 780 0
1562 527 0
1016 286 0
3172 2664 0
976 639 0
3189 2748 0
2688 53 0
1682 1199 0
1761 497 0
2907 302 0
2826 72 0
939 99 0
1587 514 0
1762 1052 0
2981 1698 0
1330 1253 0
2149 243 0
2985 2683 0
1604 316 0
2826 949 0
1528 712 0
3280 1891 0
2017 1051 0
1791 1396 0
3053 128 0
3290 2784 0
1878 904 0
1931 1187 0
2738 206 0
2622 1366 0
2197 920 0
2160 1662 0
1249 304 0
2217 151 0
2166 1949 0
3132 811 0
1544 1117 0
1241 663 0
757 504 0
2062 894 0
354 226 0
2056 1371 0
3202 287 0
819 246 0
993 463 0
2982 925 0
3211 85 0
1060 840 0
3001 2638 0
896 411 0
2675 1925 0
789 471 0
1569 499 0
1403 257 0
2887 454 0
1272 790 0
2859 2760 0
1549 1389 0
3230 559 0
2936 15 0
1714 265 0
3225 418 0
564 218 0
1768 1248 0
2638 999 0
3166 2221 0
3197 1532 0
1336 532 0
3164 803 0
3042 43 0
1699 173 0
2017 900 0
1112 755 0
2860 1961 0
3255 2904 0
1135 181 0
2038 678 0
1957 1355 0
1003 393 0
625 523 0
2654 1701 0
531 441 0
1225 23 0
2874 1962 0
2850 2153 0
3239 2051 0
1003 425 0
3155 739 0
3056 1258 0
1177 781 0
2704 1332 0
1658 515 0
1347 1188 0
3298 1725 0
2700 2032 0
2847 753 0
2193 388 0
893 597 0
2637 272 0
2879 1688 0
1869 1305 0
1879 1643 0
2627 2170 0
3299 723 0
3183 975 0
2704 24 0
2681 777 0
1580 1023 0
1664 1537 0
1974 682 0
2936 806 0
1386 471 0
2615 853 0
2639 1899 0
2877 1038 0
1808 625 0
1313 1005 0
1694 173 0
1971 1071 0
3007 1754 0
3048 780 0
1176 725 0
1183 1123 0
835 498 0
3168 2705 0
1929 669 0
3252 2039 0
1928 1368 0
1606 1345 0
