2094 2037 1
2632 2491 1
2090 2026 1
2098 2034 1
2631 2491 1
2633 2491 1
2622 2491 1
2618 2473 1
2092 2026 1
2083 2032 1
2087 2034 1
2090 2027 1
2625 2450 1
2632 2473 1
2099 2032 1
2631 2483 1
2633 2483 1
2629 2473 1
2629 2483 1
2618 2478 1
2101 2037 1
2632 2483 1
2618 2483 1
2618 2436 1
2096 2034 1
2098 2032 1
2087 2032 1
2618 2438 1
2629 2462 1
2618 2462 1
2083 2024 1
2099 2037 1
2618 2450 1
2092 2034 1
2618 2456 1
2627 2462 1
2622 2483 1
2096 2028 1
2094 2034 1
2622 2443 1
2096 2029 1
2635 2491 1
2083 2028 1
2625 2491 1
2627 2456 1
2101 2034 1
2491 2436 1
2632 2478 1
2083 2025 1
2100 2034 1
2090 2025 1
2098 2030 1
2622 2456 1
2631 2478 1
2634 2483 1
2622 2478 1
2094 2027 1
2631 2468 1
2099 2034 1
2087 2027 1
2092 2030 1
2094 2028 1
2618 2443 1
2627 2450 1
2098 2037 1
2083 2026 1
2625 2483 1
2092 2029 1
2100 2032 1
2100 2037 1
2627 2468 1
2631 2473 1
2625 2468 1
2622 2450 1
2629 2478 1
2625 2446 1
2096 2037 1
2090 2037 1
2625 2456 1
2629 2491 1
2102 2037 1
2090 2028 1
2087 2026 1
2622 2446 1
2625 2462 1
2629 2456 1
2090 2032 1
2629 2468 1
2627 2478 1
2092 2027 1
2087 2029 1
2627 2491 1
2087 2030 1
2090 2030 1
2618 2440 1
2618 2446 1
2632 2468 1
2083 2027 1
2096 2032 1
2092 2032 1
2090 2034 1
2087 2037 1
2087 2024 1
2618 2491 1
2618 2468 1
2087 2025 1
2090 2029 1
2622 2473 1
2491 2434 1
2087 2028 1
2083 2030 1
2622 2462 1
2491 2438 1
2094 2032 1
2491 2440 1
2083 2029 1
2633 2478 1
2094 2030 1
2092 2028 1
2625 2473 1
2634 2491 1
2627 2483 1
2625 2478 1
2622 2438 1
2625 2443 1
2092 2037 1
2622 2440 1
2094 2029 1
2627 2473 1
2096 2030 1
2627 2446 1
2622 2468 1
1230 540 0
1063 292 0
754 226 0
2750 2170 0
1302 217 0
2138 835 0
1320 423 0
2224 501 0
2239 1621 0
1105 513 0
2788 1930 0
1195 69 0
2332 795 0
1916 607 0
1937 930 0
2363 954 0
2306 305 0
2154 797 0
2679 2113 0
2874 835 0
2901 1328 0
858 472 0
607 155 0
2729 106 0
1498 1230 0
2731 83 0
1763 1486 0
403 227 0
2299 1936 0
623 104 0
2116 1081 0
1926 576 0
1967 1910 0
2099 25 0
975 740 0
2434 1604 0
1876 1800 0
1455 619 0
2900 808 0
2899 1647 0
1761 77 0
2735 365 0
2216 1766 0
719 517 0
1007 231 0
1687 265 0
1331 285 0
2148 1810 0
1430 168 0
448 149 0
1140 806 0
1782 203 0
2350 1760 0
1469 343 0
1735 1127 0
1680 937 0
1143 511 0
919 749 0
910 602 0
1986 214 0
1393 1060 0
1973 1760 0
1285 1058 0
1169 379 0
1549 1018 0
871 93 0
2679 2329 0
1148 851 0
1784 990 0
2747 1768 0
1538 391 0
2242 1567 0
2402 939 0
2899 2757 0
1298 166 0
757 476 0
917 131 0
1915 1282 0
1498 142 0
2197 1040 0
1645 1080 0
1973 1048 0
2884 1866 0
2886 1834 0
1419 1176 0
2622 151 0
1745 347 0
1947 548 0
535 35 0
2670 2347 0
566 352 0
2897 1569 0
1953 793 0
2410 28 0
2219 1930 0
1860 269 0
1680 798 0
2014 752 0
1660 764 0
2842 539 0
2900 1961 0
2805 2190 0
2345 385 0
1699 174 0
1643 1426 0
738 111 0
2431 675 0
2808 1945 0
2699 397 0
1295 733 0
1625 954 0
903 837 0
881 730 0
1745 127 0
2705 132 0
1800 1586 0
957 440 0
798 669 0
1793 552 0
1974 951 0
2639 1700 0
1253 726 0
1690 779 0
1441 498 0
1490 557 0
2816 1006 0
2752 427 0
1307 659 0
2101 1588 0
2139 872 0
913 500 0
1460 203 0
