1503 1440 1
1500 1431 1
2616 2240 1
2607 2237 1
1513 1431 1
1506 1420 1
1511 1420 1
2611 2233 1
2601 2228 1
1495 1422 1
1503 1424 1
1495 1424 1
1503 1416 1
1500 1424 1
2605 2228 1
2609 2229 1
1495 1414 1
2609 2240 1
2607 2232 1
2609 2232 1
1506 1440 1
1511 1431 1
2607 2230 1
1503 1427 1
2601 2227 1
2609 2233 1
2605 2235 1
2614 2237 1
1517 1440 1
1500 1427 1
2607 2229 1
1509 1420 1
2601 2231 1
1506 1424 1
1500 1416 1
2609 2231 1
1513 1440 1
2607 2240 1
2609 2235 1
2605 2237 1
2616 2237 1
1509 1440 1
2615 2240 1
1517 1431 1
1495 1420 1
2611 2231 1
2611 2230 1
2611 2235 1
1500 1418 1
1511 1422 1
1506 1427 1
1509 1422 1
1511 1440 1
1518 1440 1
2612 2240 1
1515 1424 1
2605 2240 1
2612 2237 1
2611 2240 1
1503 1422 1
2607 2231 1
2614 2235 1
2613 2232 1
2613 2233 1
2612 2232 1
2601 2232 1
1506 1422 1
2601 2229 1
1509 1427 1
2605 2231 1
1513 1422 1
1517 1427 1
2612 2233 1
1495 1418 1
1503 1420 1
2611 2237 1
1518 1431 1
1513 1427 1
2613 2235 1
1511 1424 1
2615 2235 1
2609 2230 1
1509 1424 1
1513 1424 1
1500 1414 1
1515 1440 1
2605 2232 1
2605 2230 1
2611 2232 1
2605 2229 1
2601 2235 1
1503 1418 1
2614 2233 1
2614 2240 1
2601 2240 1
1519 1440 1
2607 2228 1
1506 1431 1
1506 1418 1
1515 1427 1
1495 1427 1
2609 2237 1
1500 1422 1
1503 1431 1
1506 1416 1
2605 2233 1
1500 1420 1
2601 2233 1
2607 2235 1
1495 1440 1
2612 2235 1
1500 1440 1
1509 1431 1
1495 1431 1
1495 1416 1
2601 2230 1
1515 1431 1
2613 2237 1
2607 2233 1
1511 1427 1
2615 2237 1
2613 2240 1
1509 1418 1
2612 2231 1
2601 2237 1
2617 2240 1
2826 951 0
3185 242 0
2135 2032 0
2609 2077 0
1805 1520 0
2969 2095 0
1308 679 0
2737 850 0
3242 2879 0
769 296 0
3050 33 0
1414 1337 0
2825 2209 0
2084 247 0
1761 1344 0
3127 2797 0
2855 713 0
2071 891 0
1619 1077 0
3025 2226 0
3008 609 0
2095 1647 0
2132 1870 0
2083 1338 0
1059 924 0
813 35 0
1964 385 0
3010 2688 0
846 164 0
2788 1069 0
753 388 0
255 99 0
2806 2729 0
659 555 0
3020 329 0
2853 1500 0
3265 1977 0
3303 1647 0
2824 1967 0
3281 1366 0
1358 337 0
3002 1039 0
1030 780 0
2724 267 0
1994 799 0
3124 937 0
559 26 0
1395 933 0
1706 663 0
3194 78 0
1341 416 0
1611 1556 0
2907 1403 0
2130 1666 0
1900 397 0
1542 380 0
3192 2757 0
1552 1372 0
298 226 0
1275 802 0
1422 356 0
2912 742 0
2922 2191 0
3301 2963 0
2964 2173 0
1531 1038 0
1900 763 0
3075 1707 0
1999 158 0
3239 3121 0
415 79 0
3055 1174 0
2017 175 0
2746 206 0
1803 725 0
3041 523 0
2903 320 0
3119 1223 0
1655 289 0
2872 1727 0
351 249 0
2623 99 0
1548 124 0
1386 391 0
1889 1618 0
3074 160 0
2060 46 0
687 48 0
2826 1162 0
1203 246 0
1263 202 0
2917 130 0
1323 772 0
2903 1669 0
1416 1197 0
3095 2796 0
3118 808 0
2148 1806 0
266 193 0
1399 929 0
351 88 0
1394 742 0
1338 398 0
1230 278 0
1624 1511 0
1737 1382 0
2838 894 0
3278 346 0
3303 1938 0
2978 2866 0
1390 82 0
2822 1786 0
1117 316 0
1628 179 0
3281 137 0
1404 606 0
1983 191 0
456 57 0
1644 1305 0
1723 672 0
1069 296 0
3200 908 0
964 494 0
2675 1670 0
1101 578 0
2627 182 0
